59.500	35.000	21.350	15.750	12.770	10.851	9.478	8.463	7.686	7.056	6.545	6.111	5.733	5.411	5.124	4.872	4.641	4.438	4.256	4.095	3.948	3.808	3.675	3.556	3.444	3.339	3.241	3.150	3.066	2.989	2.912	2.842	2.772	2.709	2.653	2.590	2.534	2.485	2.436	2.387	2.338
40.500	24.500	14.350	10.500	8.570	7.224	6.370	5.663	5.110	4.676	4.305	4.004	3.745	3.521	3.339	3.185	3.045	2.919	2.800	2.695	2.597	2.513	2.436	2.366	2.296	2.233	2.170	2.114	2.058	2.009	1.960	1.911	1.869	1.834	1.792	1.757	1.722	1.694	1.659	1.638	1.610
0.000	21.000	12.250	9.450	7.530	6.335	5.474	4.900	4.452	4.116	3.801	3.535	3.318	3.136	2.961	2.800	2.660	2.534	2.422	2.317	2.226	2.149	2.079	2.009	1.953	1.897	1.848	1.799	1.757	1.715	1.673	1.638	1.603	1.568	1.540	1.512	1.484	1.456	1.428	1.393	1.365
0.000	19.500	11.550	8.400	6.830	5.873	5.082	4.515	4.081	3.696	3.423	3.227	3.059	2.870	2.709	2.569	2.450	2.352	2.254	2.170	2.086	2.002	1.925	1.855	1.792	1.729	1.680	1.631	1.589	1.547	1.512	1.477	1.442	1.414	1.379	1.351	1.323	1.295	1.274	1.253	1.232
0.000	0.000	10.850	7.750	6.300	5.397	4.816	4.263	3.850	3.514	3.248	3.003	2.786	2.625	2.534	2.429	2.310	2.205	2.100	2.016	1.946	1.876	1.820	1.764	1.708	1.659	1.610	1.561	1.519	1.470	1.428	1.386	1.351	1.316	1.281	1.260	1.239	1.211	1.190	1.169	1.148
0.000	0.000	10.300	7.650	5.950	5.047	4.459	4.088	3.675	3.353	3.087	2.877	2.688	2.541	2.373	2.233	2.142	2.079	2.016	1.939	1.862	1.785	1.715	1.659	1.610	1.568	1.526	1.491	1.449	1.407	1.372	1.337	1.309	1.281	1.253	1.218	1.190	1.162	1.134	1.106	1.078
0.000	0.000	10.000	7.350	5.880	4.802	4.235	3.794	3.535	3.248	2.975	2.765	2.583	2.436	2.296	2.191	2.072	1.953	1.855	1.813	1.764	1.722	1.666	1.610	1.554	1.505	1.456	1.407	1.372	1.344	1.316	1.288	1.253	1.225	1.197	1.176	1.148	1.127	1.106	1.085	1.064
0.000	0.000	9.350	7.000	5.770	4.676	4.018	3.654	3.304	3.101	2.898	2.674	2.506	2.352	2.219	2.107	2.009	1.925	1.841	1.750	1.659	1.596	1.568	1.533	1.505	1.456	1.421	1.379	1.337	1.295	1.260	1.225	1.197	1.176	1.155	1.134	1.113	1.085	1.064	1.043	1.022
0.000	0.000	0.000	6.750	5.560	4.683	3.927	3.458	3.213	2.933	2.772	2.611	2.443	2.282	2.170	2.044	1.946	1.862	1.778	1.708	1.652	1.589	1.505	1.442	1.400	1.379	1.358	1.337	1.295	1.267	1.239	1.204	1.169	1.141	1.113	1.085	1.064	1.043	1.022	1.008	0.994
0.000	0.000	0.000	6.650	5.250	4.613	3.920	3.402	3.045	2.870	2.632	2.499	2.380	2.247	2.100	1.995	1.904	1.806	1.736	1.666	1.596	1.547	1.498	1.449	1.393	1.323	1.274	1.246	1.232	1.218	1.197	1.169	1.148	1.120	1.092	1.071	1.043	1.015	0.994	0.973	0.952
0.000	0.000	0.000	6.550	5.140	4.480	3.878	3.339	2.996	2.716	2.590	2.387	2.275	2.184	2.079	1.953	1.855	1.778	1.694	1.624	1.568	1.505	1.449	1.407	1.365	1.323	1.288	1.232	1.183	1.148	1.127	1.120	1.106	1.085	1.064	1.043	1.022	1.001	0.980	0.959	0.938
0.000	0.000	0.000	6.200	5.080	4.228	3.843	3.367	2.926	2.667	2.464	2.359	2.184	2.086	2.016	1.925	1.827	1.729	1.659	1.596	1.526	1.470	1.428	1.372	1.330	1.295	1.253	1.225	1.190	1.155	1.106	1.064	1.043	1.029	1.022	1.008	0.994	0.973	0.959	0.945	0.924
0.000	0.000	0.000	0.000	5.010	4.137	3.745	3.311	2.940	2.639	2.408	2.247	2.163	2.016	1.925	1.876	1.792	1.715	1.631	1.554	1.505	1.449	1.386	1.351	1.309	1.260	1.225	1.197	1.162	1.134	1.106	1.085	1.043	1.001	0.973	0.952	0.945	0.938	0.931	0.917	0.903
0.000	0.000	0.000	0.000	4.970	4.109	3.570	3.297	2.940	2.590	2.394	2.198	2.072	2.002	1.869	1.785	1.750	1.673	1.624	1.540	1.470	1.421	1.379	1.330	1.274	1.246	1.211	1.169	1.141	1.113	1.085	1.057	1.036	1.015	0.987	0.952	0.917	0.896	0.882	0.875	0.868
0.000	0.000	0.000	0.000	4.800	4.039	3.458	3.213	2.891	2.625	2.331	2.177	2.023	1.925	1.862	1.750	1.666	1.631	1.568	1.526	1.463	1.400	1.344	1.309	1.267	1.218	1.183	1.155	1.120	1.085	1.064	1.036	1.015	0.994	0.973	0.952	0.931	0.903	0.875	0.840	0.833
0.000	0.000	0.000	0.000	4.590	4.011	3.444	3.094	2.884	2.597	2.352	2.149	1.995	1.869	1.799	1.736	1.638	1.568	1.533	1.491	1.442	1.393	1.337	1.281	1.239	1.211	1.176	1.127	1.099	1.078	1.050	1.015	0.994	0.973	0.952	0.931	0.917	0.896	0.882	0.861	0.833
0.000	0.000	0.000	0.000	0.000	3.983	3.409	2.989	2.821	2.569	2.359	2.114	1.988	1.848	1.743	1.687	1.631	1.540	1.477	1.442	1.414	1.365	1.330	1.274	1.225	1.183	1.155	1.127	1.092	1.050	1.029	1.008	0.987	0.959	0.938	0.917	0.896	0.882	0.861	0.847	0.833
0.000	0.000	0.000	0.000	0.000	3.955	3.360	2.954	2.737	2.562	2.331	2.149	1.939	1.841	1.722	1.631	1.589	1.533	1.456	1.400	1.358	1.344	1.288	1.267	1.218	1.176	1.134	1.099	1.078	1.050	1.015	0.987	0.966	0.952	0.924	0.903	0.882	0.868	0.854	0.833	0.819
0.000	0.000	0.000	0.000	0.000	3.878	3.346	2.954	2.632	2.513	2.310	2.142	1.953	1.806	1.715	1.610	1.526	1.505	1.449	1.379	1.323	1.288	1.274	1.232	1.204	1.169	1.127	1.092	1.050	1.029	1.008	0.987	0.952	0.924	0.910	0.896	0.875	0.854	0.833	0.826	0.805
0.000	0.000	0.000	0.000	0.000	3.675	3.311	2.912	2.590	2.464	2.310	2.107	1.967	1.785	1.694	1.596	1.512	1.442	1.428	1.372	1.309	1.260	1.225	1.218	1.176	1.148	1.120	1.085	1.050	1.015	0.987	0.973	0.952	0.924	0.896	0.875	0.861	0.847	0.833	0.812	0.791
0.000	0.000	0.000	0.000	0.000	0.000	3.332	2.884	2.583	2.345	2.268	2.100	1.953	1.820	1.666	1.596	1.498	1.428	1.372	1.351	1.302	1.246	1.197	1.169	1.162	1.134	1.099	1.085	1.043	1.015	0.980	0.952	0.931	0.917	0.896	0.875	0.847	0.833	0.819	0.805	0.791
0.000	0.000	0.000	0.000	0.000	0.000	3.255	2.877	2.583	2.310	2.219	2.100	1.925	1.813	1.673	1.561	1.498	1.414	1.351	1.302	1.288	1.239	1.190	1.148	1.120	1.106	1.085	1.050	1.036	1.008	0.980	0.952	0.924	0.896	0.882	0.868	0.847	0.826	0.805	0.791	0.784
0.000	0.000	0.000	0.000	0.000	0.000	3.227	2.842	2.534	2.303	2.135	2.065	1.925	1.799	1.694	1.547	1.477	1.414	1.337	1.281	1.246	1.232	1.183	1.141	1.099	1.078	1.057	1.043	1.008	0.994	0.973	0.945	0.917	0.896	0.868	0.854	0.840	0.826	0.805	0.784	0.763
0.000	0.000	0.000	0.000	0.000	0.000	3.038	2.849	2.520	2.296	2.093	2.016	1.925	1.778	1.680	1.575	1.456	1.407	1.330	1.274	1.218	1.190	1.176	1.134	1.092	1.050	1.029	1.008	1.008	0.973	0.952	0.945	0.910	0.889	0.868	0.840	0.819	0.812	0.798	0.784	0.763
0.000	0.000	0.000	0.000	0.000	0.000	0.000	2.835	2.520	2.282	2.072	1.960	1.897	1.778	1.659	1.575	1.463	1.379	1.330	1.260	1.211	1.162	1.141	1.127	1.085	1.050	1.008	0.994	0.973	0.966	0.945	0.917	0.910	0.889	0.861	0.840	0.819	0.798	0.784	0.777	0.763
0.000	0.000	0.000	0.000	0.000	0.000	0.000	2.772	2.485	2.254	2.072	1.918	1.848	1.778	1.652	1.568	1.477	1.365	1.309	1.260	1.197	1.155	1.113	1.092	1.078	1.043	1.008	0.973	0.952	0.931	0.931	0.910	0.882	0.875	0.861	0.833	0.819	0.798	0.777	0.756	0.749
0.000	0.000	0.000	0.000	0.000	0.000	0.000	2.744	2.492	2.240	2.065	1.883	1.813	1.750	1.652	1.547	1.477	1.393	1.295	1.253	1.197	1.141	1.106	1.064	1.050	1.036	1.001	0.973	0.938	0.924	0.896	0.896	0.882	0.861	0.847	0.833	0.812	0.791	0.777	0.756	0.735
0.000	0.000	0.000	0.000	0.000	0.000	0.000	2.562	2.499	2.240	2.044	1.883	1.757	1.715	1.652	1.540	1.463	1.393	1.302	1.232	1.197	1.141	1.092	1.057	1.022	1.015	1.001	0.966	0.938	0.903	0.889	0.868	0.868	0.861	0.833	0.812	0.812	0.791	0.770	0.756	0.735
0.000	0.000	0.000	0.000	0.000	0.000	0.000	0.000	2.443	2.212	2.023	1.883	1.736	1.694	1.624	1.540	1.449	1.386	1.316	1.218	1.169	1.141	1.092	1.050	1.015	0.987	0.980	0.966	0.931	0.903	0.875	0.861	0.840	0.833	0.833	0.812	0.784	0.784	0.770	0.749	0.735
0.000	0.000	0.000	0.000	0.000	0.000	0.000	0.000	2.429	2.212	2.016	1.883	1.729	1.624	1.596	1.540	1.449	1.372	1.316	1.246	1.162	1.127	1.092	1.043	1.008	0.973	0.945	0.945	0.931	0.903	0.875	0.847	0.833	0.812	0.805	0.805	0.784	0.763	0.756	0.749	0.728
0.000	0.000	0.000	0.000	0.000	0.000	0.000	0.000	2.380	2.219	2.016	1.855	1.722	1.610	1.582	1.519	1.442	1.365	1.309	1.246	1.169	1.113	1.085	1.043	1.001	0.973	0.938	0.917	0.910	0.903	0.868	0.847	0.819	0.805	0.791	0.777	0.777	0.763	0.749	0.735	0.728
0.000	0.000	0.000	0.000	0.000	0.000	0.000	0.000	2.219	2.205	1.995	1.841	1.722	1.596	1.512	1.491	1.442	1.358	1.295	1.239	1.183	1.099	1.064	1.043	1.001	0.959	0.938	0.903	0.889	0.882	0.868	0.840	0.819	0.798	0.777	0.770	0.756	0.756	0.749	0.728	0.714
0.000	0.000	0.000	0.000	0.000	0.000	0.000	0.000	0.000	2.156	1.988	1.834	1.722	1.596	1.505	1.477	1.421	1.358	1.288	1.239	1.183	1.127	1.057	1.022	1.001	0.959	0.924	0.903	0.875	0.861	0.854	0.840	0.819	0.798	0.770	0.756	0.749	0.728	0.735	0.728	0.707
0.000	0.000	0.000	0.000	0.000	0.000	0.000	0.000	0.000	2.156	1.995	1.834	1.694	1.589	1.484	1.428	1.400	1.358	1.288	1.218	1.176	1.127	1.064	1.015	0.987	0.959	0.924	0.896	0.868	0.847	0.833	0.826	0.819	0.791	0.770	0.749	0.735	0.728	0.707	0.707	0.707
0.000	0.000	0.000	0.000	0.000	0.000	0.000	0.000	0.000	2.100	2.002	1.820	1.687	1.589	1.477	1.407	1.386	1.337	1.288	1.218	1.169	1.127	1.078	1.001	0.973	0.959	0.924	0.889	0.868	0.840	0.819	0.812	0.805	0.791	0.770	0.749	0.728	0.714	0.707	0.693	0.686
0.000	0.000	0.000	0.000	0.000	0.000	0.000	0.000	0.000	1.960	1.960	1.806	1.680	1.582	1.477	1.393	1.351	1.323	1.281	1.218	1.155	1.120	1.078	1.029	0.966	0.938	0.924	0.889	0.861	0.840	0.812	0.791	0.791	0.777	0.770	0.749	0.728	0.707	0.693	0.686	0.672
0.000	0.000	0.000	0.000	0.000	0.000	0.000	0.000	0.000	0.000	1.939	1.813	1.680	1.561	1.477	1.379	1.323	1.309	1.267	1.218	1.155	1.113	1.071	1.029	0.973	0.938	0.910	0.889	0.861	0.826	0.812	0.784	0.770	0.770	0.756	0.749	0.728	0.707	0.693	0.672	0.672
0.000	0.000	0.000	0.000	0.000	0.000	0.000	0.000	0.000	0.000	1.939	1.820	1.673	1.554	1.477	1.379	1.316	1.288	1.246	1.218	1.155	1.106	1.071	1.029	0.987	0.924	0.903	0.882	0.861	0.826	0.798	0.784	0.763	0.749	0.749	0.735	0.728	0.707	0.693	0.672	0.658
0.000	0.000	0.000	0.000	0.000	0.000	0.000	0.000	0.000	0.000	1.876	1.806	1.659	1.554	1.463	1.379	1.295	1.246	1.232	1.197	1.155	1.099	1.057	1.022	0.987	0.945	0.896	0.868	0.854	0.826	0.798	0.777	0.763	0.742	0.728	0.728	0.721	0.707	0.686	0.672	0.658
0.000	0.000	0.000	0.000	0.000	0.000	0.000	0.000	0.000	0.000	1.743	1.764	1.659	1.554	1.449	1.379	1.295	1.239	1.225	1.183	1.155	1.099	1.050	1.022	0.987	0.945	0.896	0.868	0.840	0.826	0.798	0.777	0.756	0.742	0.721	0.707	0.707	0.700	0.686	0.672	0.658
0.000	0.000	0.000	0.000	0.000	0.000	0.000	0.000	0.000	0.000	0.000	1.764	1.666	1.547	1.442	1.379	1.295	1.218	1.176	1.169	1.141	1.099	1.050	1.008	0.980	0.945	0.910	0.854	0.840	0.819	0.798	0.777	0.749	0.735	0.721	0.700	0.686	0.693	0.686	0.672	0.651
0.000	0.000	0.000	0.000	0.000	0.000	0.000	0.000	0.000	0.000	0.000	1.764	1.666	1.533	1.442	1.358	1.295	1.218	1.176	1.169	1.127	1.099	1.050	1.008	0.973	0.945	0.910	0.875	0.833	0.805	0.798	0.777	0.749	0.728	0.714	0.700	0.679	0.672	0.672	0.665	0.651
0.000	0.000	0.000	0.000	0.000	0.000	0.000	0.000	0.000	0.000	0.000	1.694	1.638	1.533	1.442	1.351	1.295	1.218	1.162	1.120	1.113	1.085	1.050	1.008	0.966	0.945	0.910	0.875	0.833	0.805	0.784	0.777	0.749	0.728	0.707	0.700	0.679	0.665	0.658	0.658	0.651
0.000	0.000	0.000	0.000	0.000	0.000	0.000	0.000	0.000	0.000	0.000	1.554	1.617	1.533	1.435	1.351	1.288	1.218	1.155	1.113	1.106	1.078	1.050	1.008	0.966	0.931	0.903	0.875	0.847	0.791	0.784	0.763	0.749	0.728	0.707	0.686	0.679	0.658	0.651	0.644	0.637
0.000	0.000	0.000	0.000	0.000	0.000	0.000	0.000	0.000	0.000	0.000	0.000	1.617	1.540	1.421	1.344	1.274	1.218	1.155	1.106	1.078	1.057	1.036	1.008	0.966	0.924	0.903	0.875	0.847	0.819	0.777	0.756	0.749	0.728	0.707	0.686	0.672	0.658	0.644	0.630	0.630
0.000	0.000	0.000	0.000	0.000	0.000	0.000	0.000	0.000	0.000	0.000	0.000	1.610	1.533	1.421	1.344	1.267	1.218	1.148	1.092	1.057	1.057	1.029	1.001	0.966	0.924	0.896	0.875	0.847	0.819	0.777	0.756	0.735	0.728	0.707	0.686	0.665	0.658	0.644	0.623	0.616
0.000	0.000	0.000	0.000	0.000	0.000	0.000	0.000	0.000	0.000	0.000	0.000	1.547	1.498	1.421	1.344	1.267	1.211	1.148	1.092	1.057	1.036	1.008	0.994	0.966	0.924	0.889	0.868	0.840	0.819	0.791	0.742	0.735	0.714	0.707	0.686	0.665	0.651	0.637	0.623	0.609
0.000	0.000	0.000	0.000	0.000	0.000	0.000	0.000	0.000	0.000	0.000	0.000	1.428	1.498	1.428	1.330	1.260	1.197	1.148	1.092	1.043	1.008	1.008	0.987	0.959	0.924	0.889	0.861	0.840	0.819	0.791	0.763	0.728	0.714	0.700	0.686	0.665	0.651	0.630	0.623	0.609
0.000	0.000	0.000	0.000	0.000	0.000	0.000	0.000	0.000	0.000	0.000	0.000	0.000	1.491	1.428	1.330	1.260	1.190	1.148	1.092	1.036	1.008	1.001	0.966	0.952	0.924	0.889	0.861	0.833	0.812	0.791	0.763	0.728	0.707	0.693	0.686	0.665	0.651	0.630	0.616	0.609
0.000	0.000	0.000	0.000	0.000	0.000	0.000	0.000	0.000	0.000	0.000	0.000	0.000	1.470	1.407	1.330	1.260	1.190	1.134	1.092	1.036	0.994	0.959	0.966	0.945	0.924	0.889	0.861	0.826	0.812	0.791	0.763	0.742	0.700	0.693	0.672	0.665	0.651	0.630	0.616	0.602
0.000	0.000	0.000	0.000	0.000	0.000	0.000	0.000	0.000	0.000	0.000	0.000	0.000	1.428	1.386	1.337	1.246	1.190	1.127	1.092	1.036	0.987	0.959	0.966	0.924	0.910	0.889	0.861	0.826	0.805	0.784	0.763	0.742	0.721	0.679	0.672	0.658	0.651	0.630	0.616	0.602
0.000	0.000	0.000	0.000	0.000	0.000	0.000	0.000	0.000	0.000	0.000	0.000	0.000	1.274	1.386	1.337	1.246	1.190	1.127	1.092	1.036	0.987	0.959	0.924	0.924	0.910	0.889	0.854	0.826	0.798	0.784	0.763	0.742	0.721	0.686	0.672	0.651	0.644	0.630	0.616	0.602
0.000	0.000	0.000	0.000	0.000	0.000	0.000	0.000	0.000	0.000	0.000	0.000	0.000	0.000	1.386	1.330	1.246	1.190	1.120	1.071	1.036	0.987	0.945	0.917	0.924	0.889	0.875	0.854	0.826	0.798	0.777	0.763	0.742	0.721	0.700	0.658	0.651	0.637	0.630	0.616	0.602
0.000	0.000	0.000	0.000	0.000	0.000	0.000	0.000	0.000	0.000	0.000	0.000	0.000	0.000	1.358	1.295	1.246	1.176	1.120	1.071	1.036	0.987	0.945	0.917	0.889	0.889	0.875	0.854	0.826	0.798	0.770	0.756	0.735	0.721	0.700	0.679	0.644	0.637	0.616	0.616	0.602
0.000	0.000	0.000	0.000	0.000	0.000	0.000	0.000	0.000	0.000	0.000	0.000	0.000	0.000	1.330	1.295	1.253	1.169	1.120	1.064	1.029	0.987	0.945	0.903	0.882	0.889	0.861	0.847	0.826	0.798	0.770	0.749	0.735	0.714	0.700	0.679	0.644	0.630	0.616	0.609	0.602
0.000	0.000	0.000	0.000	0.000	0.000	0.000	0.000	0.000	0.000	0.000	0.000	0.000	0.000	1.162	1.295	1.253	1.169	1.120	1.064	1.015	0.987	0.945	0.903	0.882	0.868	0.854	0.847	0.826	0.798	0.770	0.749	0.728	0.714	0.700	0.679	0.658	0.623	0.616	0.602	0.602
0.000	0.000	0.000	0.000	0.000	0.000	0.000	0.000	0.000	0.000	0.000	0.000	0.000	0.000	0.000	1.295	1.232	1.176	1.113	1.064	1.015	0.987	0.945	0.903	0.875	0.847	0.854	0.826	0.812	0.798	0.770	0.749	0.728	0.714	0.693	0.679	0.658	0.637	0.609	0.602	0.588
0.000	0.000	0.000	0.000	0.000	0.000	0.000	0.000	0.000	0.000	0.000	0.000	0.000	0.000	0.000	1.253	1.218	1.176	1.106	1.064	1.015	0.980	0.945	0.903	0.868	0.847	0.840	0.826	0.812	0.798	0.770	0.749	0.728	0.707	0.693	0.679	0.658	0.644	0.616	0.602	0.588
0.000	0.000	0.000	0.000	0.000	0.000	0.000	0.000	0.000	0.000	0.000	0.000	0.000	0.000	0.000	1.239	1.218	1.176	1.106	1.064	1.008	0.966	0.945	0.903	0.868	0.847	0.812	0.826	0.798	0.784	0.770	0.749	0.728	0.700	0.693	0.672	0.658	0.644	0.623	0.588	0.588
0.000	0.000	0.000	0.000	0.000	0.000	0.000	0.000	0.000	0.000	0.000	0.000	0.000	0.000	0.000	1.064	1.218	1.176	1.106	1.057	1.008	0.966	0.945	0.903	0.868	0.833	0.812	0.819	0.798	0.784	0.770	0.749	0.721	0.700	0.686	0.672	0.658	0.644	0.623	0.609	0.581
0.000	0.000	0.000	0.000	0.000	0.000	0.000	0.000	0.000	0.000	0.000	0.000	0.000	0.000	0.000	0.000	1.211	1.141	1.113	1.050	1.008	0.966	0.931	0.903	0.868	0.833	0.812	0.784	0.791	0.777	0.763	0.749	0.721	0.700	0.686	0.672	0.658	0.644	0.623	0.609	0.581
0.000	0.000	0.000	0.000	0.000	0.000	0.000	0.000	0.000	0.000	0.000	0.000	0.000	0.000	0.000	0.000	1.169	1.141	1.113	1.050	1.008	0.966	0.924	0.903	0.861	0.833	0.805	0.784	0.791	0.770	0.763	0.742	0.721	0.700	0.679	0.665	0.658	0.637	0.623	0.609	0.595
0.000	0.000	0.000	0.000	0.000	0.000	0.000	0.000	0.000	0.000	0.000	0.000	0.000	0.000	0.000	0.000	1.162	1.141	1.113	1.050	1.001	0.959	0.924	0.903	0.861	0.833	0.798	0.784	0.763	0.770	0.749	0.735	0.721	0.700	0.679	0.665	0.651	0.637	0.623	0.609	0.595
0.000	0.000	0.000	0.000	0.000	0.000	0.000	0.000	0.000	0.000	0.000	0.000	0.000	0.000	0.000	0.000	0.973	1.141	1.099	1.050	0.994	0.959	0.917	0.882	0.861	0.833	0.798	0.777	0.756	0.763	0.742	0.735	0.721	0.700	0.679	0.665	0.644	0.637	0.623	0.609	0.595
0.000	0.000	0.000	0.000	0.000	0.000	0.000	0.000	0.000	0.000	0.000	0.000	0.000	0.000	0.000	0.000	0.000	1.134	1.078	1.057	0.994	0.959	0.917	0.882	0.861	0.826	0.798	0.770	0.756	0.742	0.742	0.728	0.714	0.700	0.679	0.665	0.644	0.630	0.623	0.609	0.595
0.000	0.000	0.000	0.000	0.000	0.000	0.000	0.000	0.000	0.000	0.000	0.000	0.000	0.000	0.000	0.000	0.000	1.092	1.078	1.057	0.994	0.959	0.917	0.882	0.861	0.826	0.798	0.770	0.756	0.728	0.742	0.721	0.714	0.700	0.679	0.665	0.644	0.630	0.623	0.602	0.595
0.000	0.000	0.000	0.000	0.000	0.000	0.000	0.000	0.000	0.000	0.000	0.000	0.000	0.000	0.000	0.000	0.000	1.092	1.078	1.057	1.001	0.952	0.917	0.882	0.847	0.826	0.798	0.770	0.742	0.728	0.721	0.721	0.707	0.693	0.679	0.665	0.644	0.630	0.609	0.602	0.588
0.000	0.000	0.000	0.000	0.000	0.000	0.000	0.000	0.000	0.000	0.000	0.000	0.000	0.000	0.000	0.000	0.000	0.910	1.078	1.022	1.001	0.952	0.917	0.882	0.847	0.826	0.798	0.770	0.742	0.728	0.707	0.714	0.693	0.693	0.679	0.665	0.644	0.630	0.609	0.602	0.588
0.000	0.000	0.000	0.000	0.000	0.000	0.000	0.000	0.000	0.000	0.000	0.000	0.000	0.000	0.000	0.000	0.000	0.000	1.064	1.022	1.001	0.952	0.917	0.875	0.847	0.819	0.798	0.770	0.742	0.721	0.707	0.707	0.693	0.686	0.672	0.665	0.644	0.630	0.609	0.595	0.588
0.000	0.000	0.000	0.000	0.000	0.000	0.000	0.000	0.000	0.000	0.000	0.000	0.000	0.000	0.000	0.000	0.000	0.000	1.036	1.022	1.001	0.952	0.903	0.875	0.847	0.812	0.798	0.770	0.742	0.714	0.707	0.686	0.693	0.672	0.672	0.658	0.644	0.630	0.609	0.595	0.581
0.000	0.000	0.000	0.000	0.000	0.000	0.000	0.000	0.000	0.000	0.000	0.000	0.000	0.000	0.000	0.000	0.000	0.000	1.036	1.022	0.987	0.952	0.903	0.875	0.840	0.812	0.798	0.770	0.742	0.714	0.700	0.686	0.693	0.672	0.665	0.651	0.644	0.630	0.609	0.595	0.581
0.000	0.000	0.000	0.000	0.000	0.000	0.000	0.000	0.000	0.000	0.000	0.000	0.000	0.000	0.000	0.000	0.000	0.000	0.840	1.022	0.973	0.952	0.903	0.875	0.840	0.812	0.784	0.770	0.742	0.714	0.693	0.686	0.665	0.672	0.658	0.651	0.644	0.630	0.609	0.595	0.581
0.000	0.000	0.000	0.000	0.000	0.000	0.000	0.000	0.000	0.000	0.000	0.000	0.000	0.000	0.000	0.000	0.000	0.000	0.000	1.001	0.973	0.952	0.903	0.868	0.840	0.812	0.784	0.770	0.742	0.714	0.693	0.679	0.665	0.672	0.658	0.644	0.637	0.630	0.609	0.595	0.581
0.000	0.000	0.000	0.000	0.000	0.000	0.000	0.000	0.000	0.000	0.000	0.000	0.000	0.000	0.000	0.000	0.000	0.000	0.000	0.980	0.973	0.952	0.910	0.868	0.840	0.812	0.784	0.763	0.742	0.714	0.693	0.672	0.665	0.644	0.651	0.637	0.637	0.623	0.609	0.595	0.581
0.000	0.000	0.000	0.000	0.000	0.000	0.000	0.000	0.000	0.000	0.000	0.000	0.000	0.000	0.000	0.000	0.000	0.000	0.000	0.980	0.973	0.931	0.910	0.868	0.840	0.805	0.777	0.756	0.742	0.714	0.693	0.672	0.665	0.644	0.651	0.637	0.630	0.616	0.609	0.595	0.581
0.000	0.000	0.000	0.000	0.000	0.000	0.000	0.000	0.000	0.000	0.000	0.000	0.000	0.000	0.000	0.000	0.000	0.000	0.000	0.749	0.973	0.924	0.910	0.868	0.833	0.805	0.777	0.756	0.742	0.714	0.693	0.672	0.651	0.644	0.630	0.637	0.616	0.616	0.609	0.595	0.581
0.000	0.000	0.000	0.000	0.000	0.000	0.000	0.000	0.000	0.000	0.000	0.000	0.000	0.000	0.000	0.000	0.000	0.000	0.000	0.000	0.945	0.924	0.910	0.868	0.833	0.805	0.777	0.749	0.735	0.714	0.693	0.672	0.651	0.644	0.623	0.637	0.623	0.616	0.602	0.595	0.581
0.000	0.000	0.000	0.000	0.000	0.000	0.000	0.000	0.000	0.000	0.000	0.000	0.000	0.000	0.000	0.000	0.000	0.000	0.000	0.000	0.931	0.924	0.903	0.875	0.833	0.805	0.777	0.749	0.728	0.714	0.693	0.672	0.651	0.637	0.623	0.616	0.616	0.602	0.602	0.588	0.581
0.000	0.000	0.000	0.000	0.000	0.000	0.000	0.000	0.000	0.000	0.000	0.000	0.000	0.000	0.000	0.000	0.000	0.000	0.000	0.000	0.931	0.924	0.882	0.868	0.833	0.798	0.777	0.749	0.728	0.714	0.693	0.672	0.651	0.630	0.623	0.602	0.616	0.602	0.602	0.588	0.581
0.000	0.000	0.000	0.000	0.000	0.000	0.000	0.000	0.000	0.000	0.000	0.000	0.000	0.000	0.000	0.000	0.000	0.000	0.000	0.000	0.749	0.924	0.882	0.868	0.833	0.798	0.777	0.749	0.728	0.707	0.693	0.672	0.651	0.630	0.623	0.602	0.609	0.602	0.588	0.588	0.574
0.000	0.000	0.000	0.000	0.000	0.000	0.000	0.000	0.000	0.000	0.000	0.000	0.000	0.000	0.000	0.000	0.000	0.000	0.000	0.000	0.000	0.889	0.882	0.868	0.833	0.798	0.777	0.749	0.721	0.700	0.693	0.672	0.651	0.630	0.609	0.602	0.588	0.602	0.588	0.588	0.574
0.000	0.000	0.000	0.000	0.000	0.000	0.000	0.000	0.000	0.000	0.000	0.000	0.000	0.000	0.000	0.000	0.000	0.000	0.000	0.000	0.000	0.889	0.882	0.847	0.833	0.798	0.770	0.749	0.721	0.700	0.693	0.672	0.651	0.630	0.609	0.602	0.588	0.595	0.588	0.574	0.574
0.000	0.000	0.000	0.000	0.000	0.000	0.000	0.000	0.000	0.000	0.000	0.000	0.000	0.000	0.000	0.000	0.000	0.000	0.000	0.000	0.000	0.889	0.882	0.847	0.833	0.798	0.770	0.749	0.721	0.700	0.679	0.672	0.651	0.630	0.609	0.595	0.588	0.574	0.588	0.574	0.574
0.000	0.000	0.000	0.000	0.000	0.000	0.000	0.000	0.000	0.000	0.000	0.000	0.000	0.000	0.000	0.000	0.000	0.000	0.000	0.000	0.000	0.665	0.882	0.847	0.833	0.798	0.770	0.749	0.721	0.700	0.679	0.672	0.651	0.630	0.609	0.595	0.588	0.574	0.581	0.574	0.560
0.000	0.000	0.000	0.000	0.000	0.000	0.000	0.000	0.000	0.000	0.000	0.000	0.000	0.000	0.000	0.000	0.000	0.000	0.000	0.000	0.000	0.000	0.847	0.847	0.826	0.805	0.770	0.742	0.721	0.700	0.679	0.665	0.651	0.630	0.609	0.595	0.588	0.574	0.560	0.567	0.560
0.000	0.000	0.000	0.000	0.000	0.000	0.000	0.000	0.000	0.000	0.000	0.000	0.000	0.000	0.000	0.000	0.000	0.000	0.000	0.000	0.000	0.000	0.847	0.847	0.812	0.805	0.770	0.742	0.721	0.700	0.679	0.658	0.651	0.630	0.609	0.595	0.581	0.574	0.560	0.567	0.560
0.000	0.000	0.000	0.000	0.000	0.000	0.000	0.000	0.000	0.000	0.000	0.000	0.000	0.000	0.000	0.000	0.000	0.000	0.000	0.000	0.000	0.000	0.847	0.847	0.812	0.805	0.770	0.742	0.721	0.700	0.679	0.658	0.651	0.630	0.609	0.595	0.581	0.574	0.560	0.553	0.560
0.000	0.000	0.000	0.000	0.000	0.000	0.000	0.000	0.000	0.000	0.000	0.000	0.000	0.000	0.000	0.000	0.000	0.000	0.000	0.000	0.000	0.000	0.623	0.833	0.812	0.805	0.770	0.742	0.721	0.700	0.679	0.658	0.644	0.630	0.609	0.595	0.581	0.560	0.560	0.546	0.553
0.000	0.000	0.000	0.000	0.000	0.000	0.000	0.000	0.000	0.000	0.000	0.000	0.000	0.000	0.000	0.000	0.000	0.000	0.000	0.000	0.000	0.000	0.000	0.812	0.812	0.784	0.770	0.742	0.714	0.700	0.672	0.651	0.637	0.630	0.609	0.595	0.581	0.560	0.560	0.546	0.546
0.000	0.000	0.000	0.000	0.000	0.000	0.000	0.000	0.000	0.000	0.000	0.000	0.000	0.000	0.000	0.000	0.000	0.000	0.000	0.000	0.000	0.000	0.000	0.812	0.812	0.777	0.770	0.742	0.714	0.700	0.672	0.651	0.637	0.630	0.609	0.595	0.581	0.560	0.553	0.546	0.532
0.000	0.000	0.000	0.000	0.000	0.000	0.000	0.000	0.000	0.000	0.000	0.000	0.000	0.000	0.000	0.000	0.000	0.000	0.000	0.000	0.000	0.000	0.000	0.805	0.812	0.777	0.770	0.742	0.714	0.693	0.672	0.651	0.637	0.623	0.609	0.595	0.581	0.560	0.546	0.546	0.532
0.000	0.000	0.000	0.000	0.000	0.000	0.000	0.000	0.000	0.000	0.000	0.000	0.000	0.000	0.000	0.000	0.000	0.000	0.000	0.000	0.000	0.000	0.000	0.553	0.791	0.777	0.763	0.742	0.714	0.686	0.672	0.651	0.637	0.616	0.609	0.595	0.574	0.560	0.546	0.539	0.532
0.000	0.000	0.000	0.000	0.000	0.000	0.000	0.000	0.000	0.000	0.000	0.000	0.000	0.000	0.000	0.000	0.000	0.000	0.000	0.000	0.000	0.000	0.000	0.000	0.777	0.777	0.749	0.742	0.714	0.686	0.672	0.651	0.637	0.616	0.609	0.595	0.574	0.560	0.546	0.532	0.532
0.000	0.000	0.000	0.000	0.000	0.000	0.000	0.000	0.000	0.000	0.000	0.000	0.000	0.000	0.000	0.000	0.000	0.000	0.000	0.000	0.000	0.000	0.000	0.000	0.777	0.777	0.749	0.742	0.714	0.686	0.672	0.651	0.630	0.616	0.602	0.595	0.574	0.560	0.546	0.532	0.532
0.000	0.000	0.000	0.000	0.000	0.000	0.000	0.000	0.000	0.000	0.000	0.000	0.000	0.000	0.000	0.000	0.000	0.000	0.000	0.000	0.000	0.000	0.000	0.000	0.777	0.777	0.749	0.742	0.714	0.686	0.665	0.651	0.630	0.616	0.602	0.595	0.574	0.560	0.546	0.532	0.518
0.000	0.000	0.000	0.000	0.000	0.000	0.000	0.000	0.000	0.000	0.000	0.000	0.000	0.000	0.000	0.000	0.000	0.000	0.000	0.000	0.000	0.000	0.000	0.000	0.518	0.756	0.749	0.721	0.714	0.686	0.665	0.651	0.630	0.616	0.602	0.588	0.574	0.560	0.546	0.532	0.518
0.000	0.000	0.000	0.000	0.000	0.000	0.000	0.000	0.000	0.000	0.000	0.000	0.000	0.000	0.000	0.000	0.000	0.000	0.000	0.000	0.000	0.000	0.000	0.000	0.000	0.749	0.749	0.721	0.714	0.693	0.665	0.651	0.630	0.616	0.595	0.581	0.574	0.560	0.546	0.532	0.518
0.000	0.000	0.000	0.000	0.000	0.000	0.000	0.000	0.000	0.000	0.000	0.000	0.000	0.000	0.000	0.000	0.000	0.000	0.000	0.000	0.000	0.000	0.000	0.000	0.000	0.749	0.749	0.721	0.714	0.693	0.665	0.644	0.630	0.616	0.595	0.581	0.574	0.560	0.546	0.532	0.518
0.000	0.000	0.000	0.000	0.000	0.000	0.000	0.000	0.000	0.000	0.000	0.000	0.000	0.000	0.000	0.000	0.000	0.000	0.000	0.000	0.000	0.000	0.000	0.000	0.000	0.742	0.749	0.721	0.707	0.693	0.665	0.644	0.630	0.616	0.595	0.581	0.574	0.560	0.546	0.532	0.518
0.000	0.000	0.000	0.000	0.000	0.000	0.000	0.000	0.000	0.000	0.000	0.000	0.000	0.000	0.000	0.000	0.000	0.000	0.000	0.000	0.000	0.000	0.000	0.000	0.000	0.483	0.721	0.721	0.693	0.693	0.665	0.644	0.630	0.616	0.595	0.581	0.567	0.560	0.546	0.532	0.518
0.000	0.000	0.000	0.000	0.000	0.000	0.000	0.000	0.000	0.000	0.000	0.000	0.000	0.000	0.000	0.000	0.000	0.000	0.000	0.000	0.000	0.000	0.000	0.000	0.000	0.000	0.714	0.721	0.693	0.693	0.672	0.644	0.623	0.616	0.595	0.581	0.567	0.560	0.546	0.532	0.518
0.000	0.000	0.000	0.000	0.000	0.000	0.000	0.000	0.000	0.000	0.000	0.000	0.000	0.000	0.000	0.000	0.000	0.000	0.000	0.000	0.000	0.000	0.000	0.000	0.000	0.000	0.714	0.721	0.693	0.693	0.672	0.644	0.623	0.616	0.595	0.581	0.567	0.553	0.546	0.532	0.518
0.000	0.000	0.000	0.000	0.000	0.000	0.000	0.000	0.000	0.000	0.000	0.000	0.000	0.000	0.000	0.000	0.000	0.000	0.000	0.000	0.000	0.000	0.000	0.000	0.000	0.000	0.714	0.714	0.693	0.672	0.672	0.644	0.623	0.616	0.595	0.581	0.567	0.553	0.546	0.532	0.518
0.000	0.000	0.000	0.000	0.000	0.000	0.000	0.000	0.000	0.000	0.000	0.000	0.000	0.000	0.000	0.000	0.000	0.000	0.000	0.000	0.000	0.000	0.000	0.000	0.000	0.000	0.441	0.693	0.693	0.672	0.672	0.651	0.623	0.602	0.595	0.581	0.567	0.553	0.546	0.532	0.518
0.000	0.000	0.000	0.000	0.000	0.000	0.000	0.000	0.000	0.000	0.000	0.000	0.000	0.000	0.000	0.000	0.000	0.000	0.000	0.000	0.000	0.000	0.000	0.000	0.000	0.000	0.000	0.693	0.693	0.672	0.672	0.651	0.623	0.602	0.595	0.581	0.567	0.553	0.539	0.532	0.518
0.000	0.000	0.000	0.000	0.000	0.000	0.000	0.000	0.000	0.000	0.000	0.000	0.000	0.000	0.000	0.000	0.000	0.000	0.000	0.000	0.000	0.000	0.000	0.000	0.000	0.000	0.000	0.693	0.693	0.672	0.665	0.644	0.623	0.602	0.595	0.581	0.560	0.546	0.539	0.532	0.518
0.000	0.000	0.000	0.000	0.000	0.000	0.000	0.000	0.000	0.000	0.000	0.000	0.000	0.000	0.000	0.000	0.000	0.000	0.000	0.000	0.000	0.000	0.000	0.000	0.000	0.000	0.000	0.686	0.686	0.672	0.651	0.644	0.623	0.602	0.588	0.581	0.560	0.546	0.539	0.525	0.518
0.000	0.000	0.000	0.000	0.000	0.000	0.000	0.000	0.000	0.000	0.000	0.000	0.000	0.000	0.000	0.000	0.000	0.000	0.000	0.000	0.000	0.000	0.000	0.000	0.000	0.000	0.000	0.357	0.665	0.672	0.651	0.644	0.630	0.602	0.588	0.581	0.560	0.546	0.539	0.525	0.518
0.000	0.000	0.000	0.000	0.000	0.000	0.000	0.000	0.000	0.000	0.000	0.000	0.000	0.000	0.000	0.000	0.000	0.000	0.000	0.000	0.000	0.000	0.000	0.000	0.000	0.000	0.000	0.000	0.665	0.672	0.651	0.644	0.630	0.602	0.588	0.581	0.560	0.546	0.532	0.525	0.518
0.000	0.000	0.000	0.000	0.000	0.000	0.000	0.000	0.000	0.000	0.000	0.000	0.000	0.000	0.000	0.000	0.000	0.000	0.000	0.000	0.000	0.000	0.000	0.000	0.000	0.000	0.000	0.000	0.665	0.672	0.651	0.630	0.630	0.609	0.588	0.574	0.560	0.546	0.532	0.525	0.511
0.000	0.000	0.000	0.000	0.000	0.000	0.000	0.000	0.000	0.000	0.000	0.000	0.000	0.000	0.000	0.000	0.000	0.000	0.000	0.000	0.000	0.000	0.000	0.000	0.000	0.000	0.000	0.000	0.665	0.658	0.651	0.630	0.630	0.609	0.588	0.574	0.560	0.546	0.532	0.518	0.511
0.000	0.000	0.000	0.000	0.000	0.000	0.000	0.000	0.000	0.000	0.000	0.000	0.000	0.000	0.000	0.000	0.000	0.000	0.000	0.000	0.000	0.000	0.000	0.000	0.000	0.000	0.000	0.000	0.385	0.644	0.651	0.630	0.630	0.609	0.588	0.574	0.560	0.546	0.532	0.518	0.511
0.000	0.000	0.000	0.000	0.000	0.000	0.000	0.000	0.000	0.000	0.000	0.000	0.000	0.000	0.000	0.000	0.000	0.000	0.000	0.000	0.000	0.000	0.000	0.000	0.000	0.000	0.000	0.000	0.000	0.644	0.651	0.630	0.623	0.609	0.588	0.574	0.560	0.546	0.532	0.518	0.511
0.000	0.000	0.000	0.000	0.000	0.000	0.000	0.000	0.000	0.000	0.000	0.000	0.000	0.000	0.000	0.000	0.000	0.000	0.000	0.000	0.000	0.000	0.000	0.000	0.000	0.000	0.000	0.000	0.000	0.644	0.651	0.630	0.609	0.609	0.588	0.574	0.553	0.546	0.532	0.518	0.511
0.000	0.000	0.000	0.000	0.000	0.000	0.000	0.000	0.000	0.000	0.000	0.000	0.000	0.000	0.000	0.000	0.000	0.000	0.000	0.000	0.000	0.000	0.000	0.000	0.000	0.000	0.000	0.000	0.000	0.637	0.630	0.630	0.609	0.609	0.588	0.574	0.553	0.546	0.532	0.518	0.511
0.000	0.000	0.000	0.000	0.000	0.000	0.000	0.000	0.000	0.000	0.000	0.000	0.000	0.000	0.000	0.000	0.000	0.000	0.000	0.000	0.000	0.000	0.000	0.000	0.000	0.000	0.000	0.000	0.000	0.343	0.623	0.630	0.609	0.609	0.588	0.567	0.553	0.546	0.532	0.518	0.511
0.000	0.000	0.000	0.000	0.000	0.000	0.000	0.000	0.000	0.000	0.000	0.000	0.000	0.000	0.000	0.000	0.000	0.000	0.000	0.000	0.000	0.000	0.000	0.000	0.000	0.000	0.000	0.000	0.000	0.000	0.623	0.630	0.609	0.595	0.588	0.574	0.553	0.539	0.532	0.518	0.511
0.000	0.000	0.000	0.000	0.000	0.000	0.000	0.000	0.000	0.000	0.000	0.000	0.000	0.000	0.000	0.000	0.000	0.000	0.000	0.000	0.000	0.000	0.000	0.000	0.000	0.000	0.000	0.000	0.000	0.000	0.623	0.630	0.609	0.588	0.588	0.574	0.553	0.539	0.532	0.518	0.504
0.000	0.000	0.000	0.000	0.000	0.000	0.000	0.000	0.000	0.000	0.000	0.000	0.000	0.000	0.000	0.000	0.000	0.000	0.000	0.000	0.000	0.000	0.000	0.000	0.000	0.000	0.000	0.000	0.000	0.000	0.616	0.602	0.609	0.588	0.588	0.574	0.553	0.539	0.532	0.518	0.504
0.000	0.000	0.000	0.000	0.000	0.000	0.000	0.000	0.000	0.000	0.000	0.000	0.000	0.000	0.000	0.000	0.000	0.000	0.000	0.000	0.000	0.000	0.000	0.000	0.000	0.000	0.000	0.000	0.000	0.000	0.266	0.602	0.609	0.588	0.588	0.574	0.553	0.539	0.525	0.518	0.504
0.000	0.000	0.000	0.000	0.000	0.000	0.000	0.000	0.000	0.000	0.000	0.000	0.000	0.000	0.000	0.000	0.000	0.000	0.000	0.000	0.000	0.000	0.000	0.000	0.000	0.000	0.000	0.000	0.000	0.000	0.000	0.602	0.609	0.588	0.574	0.574	0.560	0.539	0.525	0.518	0.504
0.000	0.000	0.000	0.000	0.000	0.000	0.000	0.000	0.000	0.000	0.000	0.000	0.000	0.000	0.000	0.000	0.000	0.000	0.000	0.000	0.000	0.000	0.000	0.000	0.000	0.000	0.000	0.000	0.000	0.000	0.000	0.602	0.602	0.588	0.574	0.574	0.560	0.539	0.525	0.518	0.504
0.000	0.000	0.000	0.000	0.000	0.000	0.000	0.000	0.000	0.000	0.000	0.000	0.000	0.000	0.000	0.000	0.000	0.000	0.000	0.000	0.000	0.000	0.000	0.000	0.000	0.000	0.000	0.000	0.000	0.000	0.000	0.595	0.581	0.588	0.574	0.574	0.560	0.539	0.525	0.511	0.504
0.000	0.000	0.000	0.000	0.000	0.000	0.000	0.000	0.000	0.000	0.000	0.000	0.000	0.000	0.000	0.000	0.000	0.000	0.000	0.000	0.000	0.000	0.000	0.000	0.000	0.000	0.000	0.000	0.000	0.000	0.000	0.245	0.581	0.588	0.574	0.560	0.560	0.546	0.525	0.511	0.504
0.000	0.000	0.000	0.000	0.000	0.000	0.000	0.000	0.000	0.000	0.000	0.000	0.000	0.000	0.000	0.000	0.000	0.000	0.000	0.000	0.000	0.000	0.000	0.000	0.000	0.000	0.000	0.000	0.000	0.000	0.000	0.000	0.581	0.588	0.574	0.560	0.560	0.546	0.525	0.511	0.504
0.000	0.000	0.000	0.000	0.000	0.000	0.000	0.000	0.000	0.000	0.000	0.000	0.000	0.000	0.000	0.000	0.000	0.000	0.000	0.000	0.000	0.000	0.000	0.000	0.000	0.000	0.000	0.000	0.000	0.000	0.000	0.000	0.581	0.581	0.574	0.560	0.560	0.546	0.525	0.511	0.497
0.000	0.000	0.000	0.000	0.000	0.000	0.000	0.000	0.000	0.000	0.000	0.000	0.000	0.000	0.000	0.000	0.000	0.000	0.000	0.000	0.000	0.000	0.000	0.000	0.000	0.000	0.000	0.000	0.000	0.000	0.000	0.000	0.581	0.567	0.574	0.560	0.553	0.546	0.525	0.511	0.497
0.000	0.000	0.000	0.000	0.000	0.000	0.000	0.000	0.000	0.000	0.000	0.000	0.000	0.000	0.000	0.000	0.000	0.000	0.000	0.000	0.000	0.000	0.000	0.000	0.000	0.000	0.000	0.000	0.000	0.000	0.000	0.000	0.210	0.567	0.574	0.560	0.539	0.546	0.532	0.511	0.497
0.000	0.000	0.000	0.000	0.000	0.000	0.000	0.000	0.000	0.000	0.000	0.000	0.000	0.000	0.000	0.000	0.000	0.000	0.000	0.000	0.000	0.000	0.000	0.000	0.000	0.000	0.000	0.000	0.000	0.000	0.000	0.000	0.000	0.567	0.574	0.560	0.539	0.546	0.532	0.511	0.497
0.000	0.000	0.000	0.000	0.000	0.000	0.000	0.000	0.000	0.000	0.000	0.000	0.000	0.000	0.000	0.000	0.000	0.000	0.000	0.000	0.000	0.000	0.000	0.000	0.000	0.000	0.000	0.000	0.000	0.000	0.000	0.000	0.000	0.567	0.560	0.560	0.539	0.546	0.532	0.511	0.497
0.000	0.000	0.000	0.000	0.000	0.000	0.000	0.000	0.000	0.000	0.000	0.000	0.000	0.000	0.000	0.000	0.000	0.000	0.000	0.000	0.000	0.000	0.000	0.000	0.000	0.000	0.000	0.000	0.000	0.000	0.000	0.000	0.000	0.560	0.546	0.560	0.539	0.532	0.532	0.518	0.497
0.000	0.000	0.000	0.000	0.000	0.000	0.000	0.000	0.000	0.000	0.000	0.000	0.000	0.000	0.000	0.000	0.000	0.000	0.000	0.000	0.000	0.000	0.000	0.000	0.000	0.000	0.000	0.000	0.000	0.000	0.000	0.000	0.000	0.189	0.546	0.560	0.539	0.525	0.532	0.518	0.497
0.000	0.000	0.000	0.000	0.000	0.000	0.000	0.000	0.000	0.000	0.000	0.000	0.000	0.000	0.000	0.000	0.000	0.000	0.000	0.000	0.000	0.000	0.000	0.000	0.000	0.000	0.000	0.000	0.000	0.000	0.000	0.000	0.000	0.000	0.546	0.560	0.539	0.525	0.532	0.518	0.497
0.000	0.000	0.000	0.000	0.000	0.000	0.000	0.000	0.000	0.000	0.000	0.000	0.000	0.000	0.000	0.000	0.000	0.000	0.000	0.000	0.000	0.000	0.000	0.000	0.000	0.000	0.000	0.000	0.000	0.000	0.000	0.000	0.000	0.000	0.546	0.539	0.539	0.525	0.525	0.518	0.504
0.000	0.000	0.000	0.000	0.000	0.000	0.000	0.000	0.000	0.000	0.000	0.000	0.000	0.000	0.000	0.000	0.000	0.000	0.000	0.000	0.000	0.000	0.000	0.000	0.000	0.000	0.000	0.000	0.000	0.000	0.000	0.000	0.000	0.000	0.546	0.532	0.539	0.525	0.511	0.518	0.504
0.000	0.000	0.000	0.000	0.000	0.000	0.000	0.000	0.000	0.000	0.000	0.000	0.000	0.000	0.000	0.000	0.000	0.000	0.000	0.000	0.000	0.000	0.000	0.000	0.000	0.000	0.000	0.000	0.000	0.000	0.000	0.000	0.000	0.000	0.210	0.532	0.539	0.525	0.511	0.518	0.504
0.000	0.000	0.000	0.000	0.000	0.000	0.000	0.000	0.000	0.000	0.000	0.000	0.000	0.000	0.000	0.000	0.000	0.000	0.000	0.000	0.000	0.000	0.000	0.000	0.000	0.000	0.000	0.000	0.000	0.000	0.000	0.000	0.000	0.000	0.000	0.532	0.539	0.525	0.511	0.518	0.504
0.000	0.000	0.000	0.000	0.000	0.000	0.000	0.000	0.000	0.000	0.000	0.000	0.000	0.000	0.000	0.000	0.000	0.000	0.000	0.000	0.000	0.000	0.000	0.000	0.000	0.000	0.000	0.000	0.000	0.000	0.000	0.000	0.000	0.000	0.000	0.532	0.518	0.525	0.511	0.504	0.504
0.000	0.000	0.000	0.000	0.000	0.000	0.000	0.000	0.000	0.000	0.000	0.000	0.000	0.000	0.000	0.000	0.000	0.000	0.000	0.000	0.000	0.000	0.000	0.000	0.000	0.000	0.000	0.000	0.000	0.000	0.000	0.000	0.000	0.000	0.000	0.532	0.518	0.525	0.511	0.504	0.504
0.000	0.000	0.000	0.000	0.000	0.000	0.000	0.000	0.000	0.000	0.000	0.000	0.000	0.000	0.000	0.000	0.000	0.000	0.000	0.000	0.000	0.000	0.000	0.000	0.000	0.000	0.000	0.000	0.000	0.000	0.000	0.000	0.000	0.000	0.000	0.070	0.518	0.525	0.511	0.504	0.504
0.000	0.000	0.000	0.000	0.000	0.000	0.000	0.000	0.000	0.000	0.000	0.000	0.000	0.000	0.000	0.000	0.000	0.000	0.000	0.000	0.000	0.000	0.000	0.000	0.000	0.000	0.000	0.000	0.000	0.000	0.000	0.000	0.000	0.000	0.000	0.000	0.518	0.525	0.511	0.504	0.497
0.000	0.000	0.000	0.000	0.000	0.000	0.000	0.000	0.000	0.000	0.000	0.000	0.000	0.000	0.000	0.000	0.000	0.000	0.000	0.000	0.000	0.000	0.000	0.000	0.000	0.000	0.000	0.000	0.000	0.000	0.000	0.000	0.000	0.000	0.000	0.000	0.518	0.504	0.511	0.504	0.490
0.000	0.000	0.000	0.000	0.000	0.000	0.000	0.000	0.000	0.000	0.000	0.000	0.000	0.000	0.000	0.000	0.000	0.000	0.000	0.000	0.000	0.000	0.000	0.000	0.000	0.000	0.000	0.000	0.000	0.000	0.000	0.000	0.000	0.000	0.000	0.000	0.518	0.504	0.511	0.504	0.490
0.000	0.000	0.000	0.000	0.000	0.000	0.000	0.000	0.000	0.000	0.000	0.000	0.000	0.000	0.000	0.000	0.000	0.000	0.000	0.000	0.000	0.000	0.000	0.000	0.000	0.000	0.000	0.000	0.000	0.000	0.000	0.000	0.000	0.000	0.000	0.000	0.168	0.504	0.511	0.497	0.490
0.000	0.000	0.000	0.000	0.000	0.000	0.000	0.000	0.000	0.000	0.000	0.000	0.000	0.000	0.000	0.000	0.000	0.000	0.000	0.000	0.000	0.000	0.000	0.000	0.000	0.000	0.000	0.000	0.000	0.000	0.000	0.000	0.000	0.000	0.000	0.000	0.000	0.504	0.504	0.497	0.490
0.000	0.000	0.000	0.000	0.000	0.000	0.000	0.000	0.000	0.000	0.000	0.000	0.000	0.000	0.000	0.000	0.000	0.000	0.000	0.000	0.000	0.000	0.000	0.000	0.000	0.000	0.000	0.000	0.000	0.000	0.000	0.000	0.000	0.000	0.000	0.000	0.000	0.504	0.490	0.497	0.490
0.000	0.000	0.000	0.000	0.000	0.000	0.000	0.000	0.000	0.000	0.000	0.000	0.000	0.000	0.000	0.000	0.000	0.000	0.000	0.000	0.000	0.000	0.000	0.000	0.000	0.000	0.000	0.000	0.000	0.000	0.000	0.000	0.000	0.000	0.000	0.000	0.000	0.504	0.490	0.497	0.490
0.000	0.000	0.000	0.000	0.000	0.000	0.000	0.000	0.000	0.000	0.000	0.000	0.000	0.000	0.000	0.000	0.000	0.000	0.000	0.000	0.000	0.000	0.000	0.000	0.000	0.000	0.000	0.000	0.000	0.000	0.000	0.000	0.000	0.000	0.000	0.000	0.000	0.098	0.490	0.497	0.490
0.000	0.000	0.000	0.000	0.000	0.000	0.000	0.000	0.000	0.000	0.000	0.000	0.000	0.000	0.000	0.000	0.000	0.000	0.000	0.000	0.000	0.000	0.000	0.000	0.000	0.000	0.000	0.000	0.000	0.000	0.000	0.000	0.000	0.000	0.000	0.000	0.000	0.000	0.490	0.490	0.490
0.000	0.000	0.000	0.000	0.000	0.000	0.000	0.000	0.000	0.000	0.000	0.000	0.000	0.000	0.000	0.000	0.000	0.000	0.000	0.000	0.000	0.000	0.000	0.000	0.000	0.000	0.000	0.000	0.000	0.000	0.000	0.000	0.000	0.000	0.000	0.000	0.000	0.000	0.490	0.476	0.490
0.000	0.000	0.000	0.000	0.000	0.000	0.000	0.000	0.000	0.000	0.000	0.000	0.000	0.000	0.000	0.000	0.000	0.000	0.000	0.000	0.000	0.000	0.000	0.000	0.000	0.000	0.000	0.000	0.000	0.000	0.000	0.000	0.000	0.000	0.000	0.000	0.000	0.000	0.490	0.476	0.490
0.000	0.000	0.000	0.000	0.000	0.000	0.000	0.000	0.000	0.000	0.000	0.000	0.000	0.000	0.000	0.000	0.000	0.000	0.000	0.000	0.000	0.000	0.000	0.000	0.000	0.000	0.000	0.000	0.000	0.000	0.000	0.000	0.000	0.000	0.000	0.000	0.000	0.000	0.105	0.476	0.490
0.000	0.000	0.000	0.000	0.000	0.000	0.000	0.000	0.000	0.000	0.000	0.000	0.000	0.000	0.000	0.000	0.000	0.000	0.000	0.000	0.000	0.000	0.000	0.000	0.000	0.000	0.000	0.000	0.000	0.000	0.000	0.000	0.000	0.000	0.000	0.000	0.000	0.000	0.000	0.476	0.469
0.000	0.000	0.000	0.000	0.000	0.000	0.000	0.000	0.000	0.000	0.000	0.000	0.000	0.000	0.000	0.000	0.000	0.000	0.000	0.000	0.000	0.000	0.000	0.000	0.000	0.000	0.000	0.000	0.000	0.000	0.000	0.000	0.000	0.000	0.000	0.000	0.000	0.000	0.000	0.476	0.469
0.000	0.000	0.000	0.000	0.000	0.000	0.000	0.000	0.000	0.000	0.000	0.000	0.000	0.000	0.000	0.000	0.000	0.000	0.000	0.000	0.000	0.000	0.000	0.000	0.000	0.000	0.000	0.000	0.000	0.000	0.000	0.000	0.000	0.000	0.000	0.000	0.000	0.000	0.000	0.476	0.469
0.000	0.000	0.000	0.000	0.000	0.000	0.000	0.000	0.000	0.000	0.000	0.000	0.000	0.000	0.000	0.000	0.000	0.000	0.000	0.000	0.000	0.000	0.000	0.000	0.000	0.000	0.000	0.000	0.000	0.000	0.000	0.000	0.000	0.000	0.000	0.000	0.000	0.000	0.000	0.084	0.469
0.000	0.000	0.000	0.000	0.000	0.000	0.000	0.000	0.000	0.000	0.000	0.000	0.000	0.000	0.000	0.000	0.000	0.000	0.000	0.000	0.000	0.000	0.000	0.000	0.000	0.000	0.000	0.000	0.000	0.000	0.000	0.000	0.000	0.000	0.000	0.000	0.000	0.000	0.000	0.000	0.469
0.000	0.000	0.000	0.000	0.000	0.000	0.000	0.000	0.000	0.000	0.000	0.000	0.000	0.000	0.000	0.000	0.000	0.000	0.000	0.000	0.000	0.000	0.000	0.000	0.000	0.000	0.000	0.000	0.000	0.000	0.000	0.000	0.000	0.000	0.000	0.000	0.000	0.000	0.000	0.000	0.462
0.000	0.000	0.000	0.000	0.000	0.000	0.000	0.000	0.000	0.000	0.000	0.000	0.000	0.000	0.000	0.000	0.000	0.000	0.000	0.000	0.000	0.000	0.000	0.000	0.000	0.000	0.000	0.000	0.000	0.000	0.000	0.000	0.000	0.000	0.000	0.000	0.000	0.000	0.000	0.000	0.462
0.000	0.000	0.000	0.000	0.000	0.000	0.000	0.000	0.000	0.000	0.000	0.000	0.000	0.000	0.000	0.000	0.000	0.000	0.000	0.000	0.000	0.000	0.000	0.000	0.000	0.000	0.000	0.000	0.000	0.000	0.000	0.000	0.000	0.000	0.000	0.000	0.000	0.000	0.000	0.000	0.042